bin_m       smrf025        fm0025      coarse1m       gmin025   ratio_smrf_over_gmin
0.0-0.1        1437.4        3701.6        5478.6        8149.9     0.39
0.1-0.2        1195.8         305.3         435.7         617.8     3.92
0.2-0.3         673.2         162.6         329.9         385.8     4.14
0.3-0.4         402.6         116.0         261.1         278.3     3.47
0.4-0.5         255.5          91.5         215.2         217.4     2.79
0.5-0.6         165.9          78.0         185.3         180.5     2.13
0.6-0.7         109.3          69.3         162.8         155.6     1.58
0.7-0.8          75.1          62.5         146.3         138.7     1.20
0.8-0.9          54.6          58.5         135.0         125.1     0.93
0.9-1.0          43.0          57.2         126.0         115.8     0.75
1.0-1.1          39.3          58.4         118.9         109.2     0.67
1.1-1.2          40.3          60.2         116.4         104.2     0.67
1.2-1.3          43.3          62.3         112.5         100.2     0.69
1.3-1.4          49.6          67.3         109.6          96.8     0.74
1.4-1.5          57.9          72.7         108.1          94.1     0.80
1.5-1.6          67.9          78.9         106.0          91.1     0.86
1.6-1.7          79.4          85.3         105.1          88.6     0.93
1.7-1.8          92.3          94.5         105.6          87.0     0.98
1.8-1.9         107.9         104.7         105.2          85.0     1.03
1.9-2.0         124.0         113.8         104.2          84.1     1.09
2.0-2.1         140.0         124.0         102.8          82.4     1.13
2.1-2.2         157.3         134.3         101.1          81.0     1.17
2.2-2.3         175.5         143.9          98.8          78.4     1.22
2.3-2.4         188.3         150.8          95.4          75.5     1.25
2.4-2.5         197.4         156.6          92.0          72.9     1.26
2.5-2.6         205.8         156.6          87.9          70.0     1.31
2.6-2.7         209.4         155.1          83.4          65.9     1.35
2.7-2.8         204.8         151.1          78.6          62.8     1.36
2.8-2.9         200.3         143.3          73.5          59.1     1.40
2.9-3.0         193.2         133.6          68.9          55.3     1.45
3.0-3.1         181.8         123.0          63.0          51.5     1.48
3.1-3.2         167.3         111.6          56.1          48.4     1.50
3.2-3.3         152.4          99.8          50.0          45.6     1.53
3.3-3.4         136.8          87.1          45.2          42.1     1.57
3.4-3.5         119.8          76.0          40.2          39.9     1.58
3.5-3.6         103.8          66.3          36.7          37.4     1.56
3.6-3.7          89.4          57.9          34.2          35.2     1.54
3.7-3.8          78.1          50.4          31.4          33.9     1.55
3.8-3.9          68.5          43.9          29.6          32.4     1.56
3.9-4.0          61.3          38.1          27.8          31.1     1.61
4.0-4.1          54.4          33.9          26.8          29.8     1.60
4.1-4.2          48.0          31.1          25.4          29.1     1.55
4.2-4.3          42.4          29.1          24.7          28.7     1.46
4.3-4.4          39.4          27.2          24.4          27.7     1.44
4.4-4.5          37.5          25.8          23.7          26.6     1.45
4.5-4.6          33.7          24.3          23.3          26.1     1.38
4.6-4.7          30.8          23.0          22.6          25.7     1.34
4.7-4.8          27.8          22.8          21.9          25.7     1.22
4.8-4.9          26.6          23.2          21.4          25.3     1.15
4.9-5.0          25.9          22.0          20.4          24.9     1.18
5.0-5.1          24.9          21.2          19.9          24.6     1.18
5.1-5.2          23.3          20.2          19.7          24.4     1.15
5.2-5.3          21.7          20.3          19.4          23.9     1.07
5.3-5.4          20.4          19.3          19.2          24.0     1.06
5.4-5.5          19.8          18.3          19.2          24.0     1.08
5.5-5.6          19.4          18.1          19.3          23.2     1.07
5.6-5.7          19.4          18.2          19.3          23.3     1.07
5.7-5.8          19.3          18.3          19.5          23.1     1.06
5.8-5.9          18.7          17.7          19.2          22.2     1.05
5.9-6.0          17.5          15.8          19.4          21.7     1.11