bin_m      smrf025       fm0025     coarse1m     coarse2m      gmin025   min/max
0.00       1144.9       6800.2      10517.5       8193.9      15348.1    13.41
0.05       1790.5        782.9        559.0        391.1       1059.4     4.58
0.10       1401.9        382.0        471.0        373.1        712.6     3.76
0.15       1040.8        243.7        402.6        344.4        533.2     4.27
0.20        781.6        183.6        347.7        310.1        425.8     4.26
0.25        596.9        149.3        308.5        295.8        353.4     4.00
0.30        461.5        127.4        275.5        278.3        301.0     3.62
0.35        363.5        110.3        248.6        261.4        261.3     3.30
0.40        290.3         97.9        226.2        241.5        231.0     2.96
0.45        232.8         89.3        208.5        224.8        208.6     2.61
0.50        188.4         82.7        194.1        210.2        190.5     2.54
0.55        150.8         77.1        180.2        198.7        175.1     2.58
0.60        122.0         73.1        169.1        188.5        162.5     2.58
0.65        100.4         68.8        159.4        180.3        152.8     2.62
0.70         82.5         65.3        151.4        172.4        144.1     2.64
0.75         69.4         62.4        143.8        164.0        137.1     2.63
0.80         58.9         60.2        139.1        156.6        129.9     2.66
0.85         51.0         59.2        133.8        150.9        123.8     2.96
0.90         45.1         58.4        129.4        144.4        119.2     3.20
0.95         41.0         58.8        125.3        138.2        115.6     3.37
1.00         39.4         59.2        121.1        134.6        112.2     3.41
1.05         39.1         60.3        118.9        130.6        109.2     3.34
1.10         39.8         61.3        118.2        129.5        106.4     3.25
1.15         40.6         61.9        117.0        126.9        105.1     3.12
1.20         42.2         62.5        114.4        124.7        102.8     2.95
1.25         44.3         65.0        113.1        122.6        100.8     2.77
1.30         47.3         67.7        111.6        121.1         98.6     2.56
1.35         52.1         70.2        110.3        119.1         98.0     2.29
1.40         55.9         72.8        109.9        118.2         96.3     2.11
1.45         60.8         75.8        109.2        117.3         94.8     1.93
1.50         65.7         79.1        107.6        116.2         93.4     1.77
1.55         71.5         82.0        107.2        116.3         92.0     1.63
1.60         77.0         85.4        106.4        116.4         90.7     1.51
1.65         83.7         89.3        106.7        116.0         89.6     1.38
1.70         90.2         93.9        107.0        115.8         88.9     1.30
1.75         97.3         99.8        107.3        116.1         87.9     1.32
1.80        105.4        105.0        106.9        116.7         86.5     1.35
1.85        114.2        109.8        106.9        117.6         86.4     1.36
1.90        122.3        114.7        106.3        118.1         85.9     1.42
1.95        130.4        118.9        105.4        118.1         85.1     1.53
2.00        138.3        124.4        105.1        119.0         84.3     1.64
2.05        146.8        129.4        103.8        119.8         83.2     1.76
2.10        155.3        134.9        103.5        119.1         82.5     1.88
2.15        165.3        139.6        102.3        119.1         82.4     2.01
2.20        175.2        144.8        101.6        118.0         80.7     2.17
2.25        183.1        149.5         99.6        116.8         79.0     2.32
2.30        188.7        152.8         98.1        115.3         77.6     2.43
2.35        195.8        155.1         96.1        115.1         76.1     2.57
2.40        199.5        159.0         94.6        114.3         75.0     2.66
2.45        203.1        160.4         92.6        112.7         73.4     2.77
2.50        206.3        160.1         90.4        110.9         72.2     2.86
2.55        210.4        159.5         88.5        110.0         70.3     2.99
2.60        212.8        158.3         85.9        108.2         67.8     3.14
2.65        211.7        157.8         83.7        106.3         66.2     3.20
2.70        209.8        155.1         81.0        106.2         64.9     3.24
2.75        207.8        153.2         78.7        103.3         62.8     3.31
2.80        205.9        148.7         75.7        100.2         61.1     3.37
2.85        202.9        143.5         73.6         96.7         59.0     3.44
2.90        198.7        138.8         71.0         94.0         57.3     3.47
2.95        194.1        133.5         68.6         91.1         55.0     3.53
3.00        187.8        128.3         65.3         87.3         53.1     3.53
3.05        181.5        122.5         62.2         85.1         51.3     3.54
3.10        174.3        116.4         58.3         82.1         49.6     3.51
3.15        166.2        110.5         55.2         78.8         48.6     3.42
3.20        158.6        104.7         52.0         75.4         47.0     3.37
3.25        151.1         98.0         49.1         71.2         45.4     3.33
3.30        143.6         91.4         47.1         66.9         43.7     3.29
3.35        134.7         85.2         44.1         62.6         41.7     3.23
3.40        125.9         79.6         41.6         59.4         41.1     3.06
3.45        118.2         74.0         39.5         56.7         39.6     2.99
3.50        109.6         69.0         37.7         53.9         38.5     2.91
3.55        101.6         64.4         36.1         50.9         37.2     2.82
3.60         94.1         59.7         35.0         48.3         36.2     2.69
3.65         88.0         55.5         33.7         46.3         35.0     2.61
3.70         82.3         52.6         32.1         43.7         34.7     2.56
3.75         76.4         48.3         30.9         42.1         33.7     2.47
3.80         71.5         45.2         30.2         39.7         32.9     2.37
3.85         67.6         42.8         29.0         37.4         32.5     2.33
3.90         64.1         39.4         27.9         35.6         31.9     2.30
3.95         60.1         37.0         27.6         34.0         31.0     2.17